covered_variance: 1.0
eig_vals: [0.7238822165921105, 0.1129128880831748, 0.03291400024658569, 0.025927398404932765,
  0.015417150767842296, 0.011885383465262462, 0.008765429241533907, 0.006933042429530241,
  0.003919852996475483, 0.002847170401819147, 0.002221429509789563, 0.0015085112458376522,
  0.00127147487476104, 0.0009845305818636909, 0.0007843495062693317, 0.00037688743730122064]
eig_vecs:
- [0.05155709032105353, 0.29400410987240166, -0.08581852140197659, 0.12628932986292837,
  -0.4036203903057398, -0.3348514686365475, -0.3262036232975011, 0.3766877447747264,
  -0.022667612878231064, 0.06282894719679816, 0.38704653214217993, -0.06001891821271015,
  -0.3342721361280252, -0.11132809421466389, 0.26848577353084735, 0.10083277205718011]
- [0.05225327266263191, 0.20823124570997878, 0.121330775716235, 0.5694861112228672,
  0.11429501447254216, 0.4599241866885598, -0.21719110619729842, 0.060242997776591145,
  -0.08245632007316828, 0.3878833775097823, 0.028278539440620896, -0.30549450120941446,
  0.02463923191678439, 0.026725201548570696, -0.13725907413136904, -0.2606500444246829]
- [-0.25095604281557177, 0.24835572145015003, 0.4195454541359332, 0.17989379133115121,
  0.002210314218998451, -0.27018691874742023, 0.02224294234373614, -0.3166897993192045,
  -0.10882874652085125, -0.06249497373636032, 0.18440560094310604, 0.22192582442918762,
  -0.24374857099394445, 0.3225186145146533, -0.4639083622075757, 0.12457486025703302]
- [-0.6434467058501191, -0.08275916289401704, -0.017122772003182424, -0.19847334508171774,
  -0.006174633536371861, 0.19220438355472358, 0.07054929826668326, -0.04960407435340043,
  -0.15758482570517954, 0.0006604245332762393, -0.15994621898545117, -0.33772187871028436,
  -0.5358960260542649, -0.029922787223513502, 0.18438948397622776, -0.09204510473637982]
- [-0.053388639286529836, -0.013752291585340269, -0.0002471158484627698, 0.14540678935886653,
  -0.044135370833038555, -0.06376527537502076, -0.2850890615450921, 0.4051216045009606,
  -0.4436727976731101, -0.492623268232476, -0.4560812255184133, 0.05048828993339098,
  0.07809260537902918, -0.03705050555529531, -0.24838599987159077, -0.07179774415798089]
- [-0.05609470856006626, -0.07446701955831247, 0.17182347592789976, 0.3329450943985812,
  0.2249529598601971, 0.3079884280185803, 0.3369531801285675, 0.2524643947032776,
  -0.1650436468664839, -0.19880007925882087, 0.192385021369765, 0.19823453888330803,
  -0.03047883861818798, -0.0018033836284987908, 0.3325175945949957, 0.5230926433448237]
- [-0.2184236271700313, 0.18062947022556747, 0.2758041741153258, 0.1736486949116589,
  0.04886327936832013, -0.14850260941376534, 0.04785714767928497, -0.23006556334131104,
  -0.002894250440822525, -0.3154017605194532, 0.14425473098234423, 0.08696354463729696,
  0.28148116809787194, -0.33524642694269857, 0.4043653881887796, -0.5007886501463132]
- [-0.581618105144322, 0.07795491574967996, -0.057936469294157925, -0.14014901275716987,
  -0.2517313602001884, 0.13620423418886882, -0.19570550807339188, 0.08752944373226063,
  -0.021289575331734673, 0.24582695153013398, 0.11329810538908866, 0.12578449146019657,
  0.5749561879959585, -0.06812172887879302, -0.10151231554451548, 0.2640084027784013]
- [-0.10686845943782357, 0.03622073725356359, 0.07158153416610889, 0.11739572082694806,
  -0.03555334321352887, -0.2129742941615222, 0.020646208098216306, 0.1547769335239525,
  0.15805346826525102, 0.10008549137586646, -0.3033543430496786, -0.039470815188131794,
  0.17609584108270127, 0.7450128789248013, 0.4178364670022351, -0.09020093536247077]
- [-0.1721678891684443, -0.07217803341760756, 0.2484386452343978, -0.02868606856621116,
  0.17704615487201208, 0.10703146094091812, -0.1393169347920731, 0.41990498230747564,
  0.6926195060610708, -0.04486831462606015, -0.06776439173038566, 0.2886579971745586,
  -0.18854913253113492, -0.12295024530125642, -0.15591345477646268, -0.13945063589548437]
- [-0.027424344907841524, 0.052716243314107236, 0.18124192770505923, 0.23523221159592764,
  -0.07479814382060415, -0.27105450164060496, 0.09408877342706655, -0.09993949645642308,
  0.34187182992609605, -0.10662832426279512, -0.2912848926732469, -0.5739194336715296,
  0.12464034522278815, -0.2710025336154533, -0.06960032885584248, 0.41723137527436416]
- [0.061571486330948944, 0.7258437796168467, 0.05322809731862253, -0.3461994863111973,
  0.3646561662895211, -0.06453644588499789, 0.22077286123088607, 0.21127020976744845,
  -0.12453357404942247, 0.19667539606650145, -0.2099326079594775, 0.01120221735874194,
  0.019687928060211957, -0.12160609991393077, 0.01744444835825472, 0.04786058792549344]
- [0.21129978676042274, 0.05346206319930421, 0.42457163697961275, -0.3092691980822184,
  0.04163794816403018, 0.269728981926516, -0.6059853796344609, -0.2711855070786197,
  -0.018038647454027855, -0.10475058544169415, -0.09687055495986505, -0.007418197484389897,
  -0.032390601353206386, 0.05065307836094986, 0.2731288687728905, 0.24977413340806043]
- [-0.18802024192261754, -0.007818159459221367, -0.4746817990963495, 0.18221359397408213,
  0.6494195095476883, -0.24577373281932702, -0.3980991392916418, -0.16762679346422626,
  0.05968419419457211, -0.03861174319284352, 0.07637122108604129, 0.023878286584637348,
  -0.01615755353842213, 0.006464806987794842, 0.06560299948022852, 0.14583602961821576]
- [-0.0031230140091087076, 0.4617353210416307, -0.40624064769625734, 0.04205976728385371,
  -0.22971756459459572, 0.3990788611952278, 0.0490733729753117, -0.1740181785644909,
  0.3005347733333533, -0.490726788853722, 0.023080510755157616, -0.006030756817485665,
  -0.027584697287226317, 0.19831345232566983, -0.0539403412284877, 0.023747005787657673]
- [-0.0029397597625025365, 0.07046008650213584, -0.13968396335272154, 0.2928835364005397,
  -0.24134687698055404, -0.0012536269242208636, -0.0022062955951007135, -0.2764941836202194,
  0.012942093509792743, 0.29021926027118294, -0.5194761612435852, 0.5093931106805204,
  -0.19917069568439286, -0.2514842688190659, 0.1671157880957656, 0.10226456055644886]
n_components: 16
norm_parameters:
  mean: [0.04901741445064545, 0.4100503623485565, 0.4932456910610199, 1.016198754310608,
    0.03259355574846268, 0.5429105162620544, 0.4898937940597534, 0.9834023714065552,
    0.14985233545303345, 0.6355679035186768, 0.17517216503620148, 0.25634926557540894,
    1.1546545028686523, 0.5824812650680542, 0.4248451292514801, 0.8141602873802185]
